-1.242694442928572555e-02
5.711362048048984922e-04
1.648599387907631521e-03
2.995671728796121084e-05
3.218951704780301237e-03
-3.755718673285708882e-04
9.541981640245104056e-04
1.036976101149359071e-03
-4.498107558616113431e-04
8.858845572472597062e-04
1.182035321695851498e-03
2.130186921530139582e-03
-5.306825610586272772e-04
-1.239163087326042474e-02
-1.152626170790158923e-02
1.384246553415801250e-03
9.973125250405162536e-04
1.405234420289217488e-03
-1.083042998012565504e-02
2.516091469842515402e-03
1.922090186920951804e-03
-1.092897513932758555e-03
2.342619861924411992e-04
3.059751095029594856e-04
3.192908850313545648e-03
3.513593449897450208e-03
8.991870237469774428e-04
9.815716438722704804e-04
-1.551055353699343003e-03
1.435712214680901757e-03
