6.569054108545031856e-03
5.484867195782803205e-03
5.864970178116074573e-03
4.795720533908944677e-03
6.138535005921047158e-03
4.069971595402457724e-03
5.765911654354013115e-03
5.823330085266683297e-03
5.473565591299404086e-03
3.905408367782006208e-03
6.985362088602963676e-03
5.750792279296025773e-03
6.162772559138506717e-03
3.412586374294335981e-03
4.078560576922025949e-03
6.961385009658135892e-03
2.230165273180778878e-03
5.162578600294611894e-03
4.921268556198698553e-03
6.576018397581760364e-03
4.357015470779108945e-03
5.430167075786692527e-03
3.098552886300430260e-03
5.215739968024440606e-03
6.179406043702121050e-03
4.033919521695487551e-03
3.526021047873919949e-03
5.234937931081238421e-03
3.299562361846089791e-03
3.891018014713560225e-03
