-1.444257381715894142e-03
3.246963919032595097e-03
2.028583534240458331e-03
7.953469310251309573e-04
1.286367150458126926e-03
6.083004471148438334e-04
3.292956010372996827e-03
2.295481770899198901e-03
4.063378409098563487e-03
5.741561516248088826e-04
3.387839848723528651e-03
4.077456979463275379e-03
2.514488486827281665e-03
1.725057657259338481e-04
4.077944791267449146e-03
3.906244971543046656e-03
4.365753280347423222e-03
1.530131022012441678e-03
4.658852238370139384e-03
3.041680082476040919e-03
1.172888270244503393e-03
2.813607530754242293e-03
3.582791662127917699e-03
1.909133342144732825e-03
3.645871229306392632e-03
2.011874250259651411e-03
2.132353782116572054e-03
5.256547785565750773e-03
2.000755972561963150e-03
1.956156670134749902e-03
